1989000
7780000
6859000
4802000
4733000
1803000
6199000
3903000
3903000
3182000
7738000
5624000
2793000
6045000
7420000
8808000
5632000
6555000
5167000
3315000
4482000
3471000
2938000
4260000
5360000
5049000
4191000
7571000
5378000
7516000
7431000
8696000
6575000
2390000
4242000
4077000
3702000
3832000
6293000
3969000
3193000
4628000
3163000
6761000
5455000
9271000
7832000
4076000
4753000
3862000
3483000
3764000
5625000
4925000
3383000
4351000
3505000
5622000
12734000
10162000
6912000
4869000
5096000
3526000
5775000
5094000
5091000
4735000
2800000
3831000
3546000
8153000
6787000
10454000
8638000
4688000
5877000
3708000
4531000
3456000
5689000
4171000
2836000
3687000
5476000
12325000
3137000
2289000
5069000
5722000
7919000
4856000
5421000
4934000
6110000
5394000
2765000
3844000
3364000
2796000
3629000
7220000
7669000
5278000
8940000
6366000
5614000
4393000
5345000
5393000
2821000
5875000
3296000
3734000
4133000
8563000
6450000
3652000
6614000
8947000
6748000
5940000
4971000
4871000
2727000
4425000
4500000
3112000
4425000
5896000
4354000
3019000
6945000
6130000
9042000
5226000
3715000
5660000
3358000
5540000
3523000
4135000
4356000
6153000
4853000
2151000
4231000
6253000
5615000
7454000
8002000
7577000
4038000
5236000
3851000
4131000
3776000
4576000
5904000
3238000
4120000
3007000
3479000
7832000
10303000
9776000
4363000
5805000
4970000
4086000
3428000
4721000
4663000
3165000
4095000
3092000
3676000
4237000
10968000
9194000
4728000
7925000
5958000
3911000
4935000
6002000
4757000
3408000
3644000
3254000
3785000
2666000
6982000
6591000
4385000
8153000
3862000
5539000
5237000
5005000
6141000
3916000
5071000
3194000
4275000
3330000
8309000
5105000
4293000
4121000
9041000
10318000
6574000
7436000
6048000
3345000
4066000
4142000
4993000
3729000
4984000
4738000
3227000
6061000
6848000
11139000
6923000
10116000
6909000
4234000
4971000
5035000
4418000
4961000
4195000
4819000
3089000
3255000
3291000
7540000
5108000
12279000
10560000
5266000
7860000
4026000
5435000
4109000
5690000
4551000
3198000
4404000
3233000
3124000
4842000
11776000
11202000
6085000
5874000
5505000
5232000
3082000
5499000
4968000
3610000
3016000
4715000
4649000
5064000
10963000
2809000
5590000
9511000


