628000
1162000
3891000
3005000
2716000
2621000
3293000
2794000
866000
2701000
2574000
2627000
3962000
11005000
1759000
2398000
5250000
3831000
3505000
3700000
3968000
2184000
1691000
2542000
2906000
2573000
4000000
6721000
4647000
2247000
7414000
5029000
3818000
3909000
4001000
3808000
1819000
3931000
2391000
2393000
2655000
4079000
3170000
1685000
4169000
7738000
6172000
3814000
3213000
2923000
985000
1567000
2403000
2737000
2757000
4695000
2584000
1376000
4354000
10641000
5647000
4938000
3869000
2513000
1074000
3463000
2389000
2616000
3201000
4733000
2194000
1153000
4310000
4764000
7648000
5412000
4629000
2500000
2689000
2376000
2200000
1437000
2391000
3620000
2330000
1614000
2576000
3345000
3271000
5942000
9080000
3887000
3044000
3616000
2207000
2945000
2497000
3795000
186000
1146000
2280000
1550000
3224000
4738000
7715000
4115000
2111000
3732000
2382000
2915000
717000
177000
1039000
924000
2262000
3388000
2196000
3340000
10498000
6372000
1070000
2230000
5239000
3724000
4753000
3955000
3014000
919000
4228000
2189000
3020000
3884000
6050000
2521000
1728000
8616000
2449000
3122000
3092000
3635000
1934000
2300000
2321000
1877000
2275000
1791000
4675000
3337000
1102000
3361000
5157000
8223000
5716000
4179000
19000
1745000
3418000
2641000
2617000
2490000
2297000
2371000
777000
2774000
3432000
3708000
8651000
5639000
2188000
1895000
2940000
2276000
2578000
3772000
3699000
2369000
1190000
3243000
3440000
4611000
5428000
11678000
4327000
2439000
4846000
3615000
2802000
3074000
3793000
2271000
1040000
2568000
2617000
2426000
4458000
8611000
6219000
2609000
3956000
3342000
3303000
3126000
3719000
2687000
1270000
2589000
1240000
1962000
3293000
9061000
4385000
2885000
8352000
4711000
2963000
4130000
3806000
2574000
2332000
3028000
1955000
3017000
2388000
7124000
5305000
1621000
9752000
4407000
6622000
3499000
3754000
3092000
846000
3121000
3397000
3007000
2235000
4447000
1474000
1278000
5552000
2627000
4593000
7785000
4643000
4149000
1392000
4207000
2645000
2149000
2594000
4089000
2373000
1052000
2668000
2742000
6871000
9931000
4660000
2166000
1527000
4001000
2449000
1994000
3644000
3161000
1879000
1484000
2904000
2406000
4585000
5939000
7898000
4863000
2139000
5915000
4697000
3279000
2760000
4458000
3064000
1186000
3086000
2020000
3351000
3453000
7980000
5594500
5594500
5594500
3209000
3261000
2979000
2404000
2111000
1096000
2403000
2493000
2385000
2316000
5887000
3673000
1597000
4899000
7981000
5317000
4293000
4764000
1832000
1461000
2404000
2663000
2806000
2441000
3711000
1108000
1570000
5823000
4468000
6612000
3331000
1936000
3671000
1200000
2999000
3912000
3080000
3024000
4270000
3908000
1664000
5202000
4885000
5795000
11279000
9318000
4116000
3469000
4746000
4989000
4952000
3861000
11616000
5617000
3368000
6774000
4404000
5450000
7188000
7240000
3553000
4410000
7174000
5526000
5525000
5533000
8165000
5061000
2672000
1185000
4713000
3395000
3157000
1732000
1833000
1619000
839000
5217000
4248000
4688000
5138000
2580000
1043000
3572000
3259000
2915000
2501000
7011000
3614000
982000
7081000
5964000
4964000
3898000
4946000
2080000
815000
3398000
2257000
2551000
4196000
7464000
3588000
1130000
3484000
4282000
7916000
5939000
6159000
3639000
1466000
4656000
2907000
3984000
3217000
4305000
2634000
1270000
3188000
4721000
4889000
8228000
5974000
3029000
1422000
3769000
3382000
2583000
2463000
4734000
2819000
1388000
2805000
4078000
9066000
7722000
3686000
3640000
1367000
2819000
2754000
3147000
2161000
4947000
1974000
1540000
3478000
5086000
5418000
6439000
6225000
3764000
1791000
2580000
3680000
3061000
3008000
3973000
2738000
633000
2757000
3492000
4860000
4790000
9705000
5056000
2681000
4342000
3773000
2749000
4293000
6724000
3381000
1139000
3262000
6757000
3302000
976000
687000
1461000
1687000
6261000
3440000
3047000
2723000
5004000
4132000
1386000
2971000
2750000
3385000
2333000
9101000
3040000
2081000
8718000
3703000
4744000
2524000
5150000
2915000
1335000
3848000
2704000
2665000
2657000
6093000
2959000
1520000
6884000
4496000
4248000
3093000
4759000
889000
1213000
2543000
1952000
2581000
2885000
5503000
2639000
1006000
5014000
2804000
5051000
8074000
4614000
806000
350000
3414000
3084000
3450000
3846000
4485000
1973000
790000
2778000
2492000
2748000
5509000
9575000
2507000
2001000
4337000
2812000
3057000
2459000
4404000
2570000
1027000
3196000
2549000
3043000
6650000
8533000
5653000
1772000
2860000
2309000
3654000
3263000
3682000
2268000
1257000
2526000
2045000
2647000
2917000
10242000
4227000
2027000
3777000
4086000
2867000
2975000
3879000
1873000
878000
1959000
1799000
665000
2175000
6073000
2645000
661000
3249000
3104000
3024000
1454000
4005000
1758000
728000
1793000
1627000
2284000
1533000
3710000
1489000
697000
4099000
2265000
3275000
3078000
3330000
1566000
1151000
2311000
1424000
1109000
1884000
3003000
1635000
958000
2191000
2086000
2035000
4382000
4932000
2013000
1057000
2950000
3461000
2418000
3207000
3828000
2002000
1030000
1484000
1327000
2122000
3943000
5353000
2383000
2710000
3097000
2554000
1819000
2652000
2891000
1729000
1148000
2150000
1644000
2220000
3216000
5622000
3703000
2321000
3419000
2172000
2222000
3496000
4167000
1559000
582000
1853000
1818000
2396000
2231000
2590000
3036000
1048000
2871000
3371000
752000
1692000
2270000
1080000
1035000
1384000
1253000
1778000
2539000
4785000
2447000
1003000
1693000
2569000
3581000
4246000
3004000
2536000
1287000
2666000
2008000
943000
2697000
2001000
1816000
1065000
1659000
3085000
2953000
5256000
3681000
3082000
1687000
2437000
1524000
1621000
1395000
3241000
1830000
902000
1960000
2227000
2827000
3157000
5625000
3300000
1800000
5386000
2978000
3411000
3448000
4433000
4182000
2381000
3693000
3276000
4667000
5270000
4571000
4200000
2639000
4563000
4512000
3105000
2767000
4271000
3785000
1860000
3537000
961000
2024000
2137000
2881000
2137000
785000
1880000
738000
2471000
3095000
3096000
1644000
730000
1095000
1281000
2769000
1834000
4548000
2051000
990000
3058000
4841000
1871000
3081000
3094000
1609000
1525000
2358000
1514000
1470000
1307000
3196000
1645000
1957000
2092000
2414000
2893000
3440000
4394000
1962000
909000
3017000
2828000
1991000
1806000
3478000
1135000
931000
1871000
1841000
3178000
3039000
5783000
2746000
1319000
2421000
2022000
2097000
2150000
2111000
1282000
948000
1446000
1995000
1907000
7350000
4532000
2211000
946000
1379000
387000
626000
1785000
3229000
1788000
1034000
2200000
1688000
3825000
2648000
5571000
2307000
497000
2603000
2124000
1667000
2187000
3438000
2129000
591000
2815000
2643000
4133000
657000
465000
1180000
1101000
2860000
2863000
1702000
2249000
3422000
1445000
811000
1410000
1576000
2363000
1368000
5236000
2998000
1225000
4425000
3537000
1980000
2459000
2567000
1703000
1013000
2074000
1558000
1593000
1733000
3808000
1752000
901000
2867000
3992000
1727000
3859000
3114000
1883000
701000
2143000
1404000
1722000
2207000
3225000
2811000
936000
3226000
2284000
4291000
2939000
3996000
2391000
503000
2283000
2472000
1632000
2118000
2868000
1955000
785000
1902000
1618000
2231000
3498000
4799000
3082000
736000
2708000
2817000
2190000
1679000
3442000
1530000
691000
1647000
1842000
1331000
4569000
5190000
3513000
1859000
3621000
2235000
1975000
1637000
2133000
1688000
1312000
1452000
1333000
1373000
3068000
6711000
4223000
1985000
3766000
1836000
2194000
2492000
3570000
2514000
891000
1748000
2104000
2105000
1723000
6052000
3039000
1358000
4526000
2996000
1924000
2126000
3615000
1927000
1147000
1552000
2099000
1313000
1438000
4523000
1706000
840000
2641000
4106000
4487000
4095000
2424000
2169000
1517000
4047000
2011000
2006000
2641000
3653000
2133000
857000
2129000
4403000
6134000
2277000
4488000
2971000
1169000
2781000
1184000
2668000
2100000
3043000
1514000
678000
1956000
1716000
3126000
2865000
5109000
4006000
1086000
4318000
3375000
2218000
2304000
3118000
1632000
1117000
1327000
2136000
1885000
2199000
7361000
3117000
1380000
3236000
2185000
1835000
2583000
2488000
1800000
1157000
1954000
1581000
2101000
2508000
5646000
3057000
1346000
4843000
3552000
2585000
3589000
2877000
2375000
675000
2020000
1342000
2766000
3262000
3521000
2103000
811000
4156000
6724000
3716000
3418000
4422000
1959000
1361000
2705000
2042000
2266000
1917000
2983000
1891000
846000
2495000
2335000
3779000
5111000
6125000
2073000
1488000
3687000
2443000
2487000
2942000
2008000
2202000
843000
1814000
2501000
3006000
4237000
5947000
2202000
1496000
3048000
2403000
2120000
2753000
3552000
2017000
766000
2288000
2791000
3642000
5050000
6976000
3521000
